========================
((7, 19), (0,), (6, 0), (16, 0))
(1, 4)
(6,)
(8,)
========================
========================
((18, 19), (0,), (10, 0), (9, 0))
(18, 4)
(5,)
(1,)
========================
========================
((20, 17), (0,), (9, 0), (15, 0))
(17, 2)
(15,)
(7,)
========================
========================
((6, 19), (0,), (2, 0), (17, 0))
(8, 5)
(10,)
(9,)
========================
========================
((20, 6), (0,), (5, 0), (19, 0))
(18, 18)
(19,)
(19,)
========================
========================
((13, 13), (0,), (3, 0), (7, 0))
(12, 11)
(19,)
(14,)
========================
========================
((16, 7), (0,), (10, 0), (17, 0))
(4, 2)
(7,)
(9,)
========================
========================
((19, 8), (0,), (16, 0), (3, 0))
(14, 10)
(12,)
(14,)
========================
========================
((16, 15), (0,), (20, 0), (12, 0))
(3, 3)
(12,)
(4,)
========================
========================
((5, 2), (0,), (12, 0), (1, 0))
(6, 17)
(6,)
(7,)
========================
========================
((17, 13), (0,), (19, 0), (12, 0))
(11, 7)
(7,)
(17,)
========================
========================
((2, 19), (0,), (11, 0), (7, 0))
(8, 12)
(9,)
(4,)
========================
========================
((5, 8), (0,), (10, 0), (9, 0))
(16, 13)
(7,)
(16,)
========================
========================
((16, 13), (0,), (6, 0), (20, 0))
(20, 13)
(4,)
(17,)
========================
========================
((2, 2), (0,), (8, 0), (7, 0))
(2, 5)
(8,)
(1,)
========================
========================
((7, 5), (0,), (12, 0), (12, 0))
(9, 18)
(17,)
(2,)
========================
========================
((7, 19), (0,), (6, 0), (18, 0))
(14, 15)
(19,)
(11,)
========================
========================
((16, 11), (0,), (8, 0), (6, 0))
(1, 11)
(15,)
(20,)
========================
========================
((10, 11), (0,), (7, 0), (4, 0))
(3, 7)
(4,)
(16,)
========================
========================
((19, 13), (0,), (8, 0), (14, 0))
(13, 14)
(2,)
(6,)
========================
========================
((18, 18), (0,), (10, 0), (10, 0))
(3, 17)
(3,)
(14,)
========================
========================
((6, 16), (0,), (18, 0), (1, 0))
(16, 1)
(8,)
(13,)
========================
========================
((15, 9), (0,), (6, 0), (9, 0))
(20, 1)
(2,)
(1,)
========================
========================
((4, 12), (0,), (5, 0), (17, 0))
(19, 15)
(19,)
(14,)
========================
========================
((13, 11), (0,), (4, 0), (14, 0))
(14, 13)
(11,)
(3,)
========================
========================
((15, 13), (0,), (15, 0), (7, 0))
(17, 18)
(12,)
(13,)
========================
========================
((15, 8), (0,), (16, 0), (8, 0))
(20, 8)
(6,)
(17,)
========================
========================
((9, 3), (0,), (9, 0), (4, 0))
(15, 10)
(8,)
(18,)
========================
========================
((5, 1), (0,), (15, 0), (6, 0))
(18, 8)
(10,)
(5,)
========================
========================
((4, 10), (0,), (2, 0), (10, 0))
(19, 12)
(18,)
(8,)
========================
