========================
((9, 11), (0,), (3, 0), (19, 0))
(18, 16)
(9,)
(8,)
========================
========================
((10, 14), (0,), (4, 0), (11, 0))
(12, 18)
(15,)
(5,)
========================
========================
((8, 15), (0,), (11, 0), (19, 0))
(17, 6)
(6,)
(8,)
========================
========================
((19, 12), (0,), (10, 0), (4, 0))
(17, 8)
(12,)
(7,)
========================
========================
((19, 6), (0,), (6, 0), (7, 0))
(3, 9)
(19,)
(15,)
========================
========================
((12, 13), (0,), (8, 0), (20, 0))
(9, 1)
(3,)
(17,)
========================
========================
((10, 18), (0,), (19, 0), (1, 0))
(17, 3)
(9,)
(14,)
========================
========================
((14, 17), (0,), (15, 0), (20, 0))
(6, 3)
(9,)
(16,)
========================
========================
((3, 13), (0,), (15, 0), (13, 0))
(19, 11)
(7,)
(9,)
========================
========================
((14, 10), (0,), (5, 0), (13, 0))
(16, 5)
(13,)
(11,)
========================
========================
((15, 8), (0,), (7, 0), (20, 0))
(9, 14)
(1,)
(10,)
========================
========================
((15, 9), (0,), (3, 0), (10, 0))
(12, 17)
(10,)
(12,)
========================
========================
((5, 5), (0,), (5, 0), (18, 0))
(12, 20)
(3,)
(15,)
========================
========================
((14, 9), (0,), (4, 0), (15, 0))
(7, 9)
(11,)
(10,)
========================
========================
((17, 9), (0,), (18, 0), (13, 0))
(15, 10)
(10,)
(15,)
========================
========================
((6, 17), (0,), (19, 0), (6, 0))
(7, 4)
(8,)
(13,)
========================
========================
((20, 16), (0,), (18, 0), (3, 0))
(15, 18)
(14,)
(19,)
========================
========================
((14, 16), (0,), (5, 0), (8, 0))
(8, 2)
(4,)
(16,)
========================
========================
((2, 18), (0,), (14, 0), (2, 0))
(13, 19)
(16,)
(20,)
========================
========================
((1, 19), (0,), (3, 0), (10, 0))
(16, 13)
(20,)
(12,)
========================
========================
((14, 9), (0,), (9, 0), (20, 0))
(13, 6)
(19,)
(5,)
========================
========================
((2, 12), (0,), (9, 0), (11, 0))
(5, 13)
(12,)
(5,)
========================
========================
((11, 15), (0,), (2, 0), (16, 0))
(4, 20)
(18,)
(19,)
========================
========================
((20, 5), (0,), (18, 0), (15, 0))
(8, 10)
(7,)
(19,)
========================
========================
((15, 18), (0,), (11, 0), (17, 0))
(18, 12)
(20,)
(14,)
========================
========================
((14, 1), (0,), (17, 0), (6, 0))
(18, 13)
(4,)
(7,)
========================
========================
((4, 8), (0,), (8, 0), (12, 0))
(17, 17)
(20,)
(3,)
========================
========================
((10, 14), (0,), (15, 0), (1, 0))
(11, 19)
(16,)
(7,)
========================
========================
((15, 20), (0,), (14, 0), (7, 0))
(18, 15)
(2,)
(4,)
========================
========================
((20, 15), (0,), (17, 0), (14, 0))
(19, 12)
(8,)
(2,)
========================
